0 	 0 	 0.00984144
100 	 0.0174419 	 0.0322581
200 	 0.122093 	 0.0945872
300 	 0.215116 	 0.165664
400 	 0.255814 	 0.229634
500 	 0.377907 	 0.302351
600 	 0.377907 	 0.336796
700 	 0.459302 	 0.396391
800 	 0.494186 	 0.424822
900 	 0.55814 	 0.466375
1000 	 0.703488 	 0.495353
1100 	 0.633721 	 0.510661
1200 	 0.627907 	 0.534718
1300 	 0.604651 	 0.541279
1400 	 0.697674 	 0.558228
1500 	 0.680233 	 0.588846
1600 	 0.790698 	 0.607982
1700 	 0.726744 	 0.617824
1800 	 0.784884 	 0.649535
1900 	 0.819767 	 0.644615
2000 	 0.802326 	 0.652269
2100 	 0.761628 	 0.686167
2200 	 0.802326 	 0.677966
2300 	 0.813954 	 0.687808
2400 	 0.744186 	 0.700929
2500 	 0.802326 	 0.703116
2600 	 0.813954 	 0.70421
2700 	 0.854651 	 0.70749
2800 	 0.837209 	 0.719519
2900 	 0.860465 	 0.722253
3000 	 0.877907 	 0.730454
3100 	 0.895349 	 0.737561
3200 	 0.848837 	 0.742482
3300 	 0.889535 	 0.737561
3400 	 0.924419 	 0.759978
3500 	 0.883721 	 0.746856
3600 	 0.924419 	 0.759978
3700 	 0.918605 	 0.757244
3800 	 0.930233 	 0.768726
3900 	 0.936046 	 0.761618
4000 	 0.94186 	 0.772007
4100 	 0.953488 	 0.773647
4200 	 0.94186 	 0.774194
4300 	 0.906977 	 0.76982
4400 	 0.930233 	 0.780754
4500 	 0.924419 	 0.788956
4600 	 0.953488 	 0.775287
4700 	 0.94186 	 0.772007
4800 	 0.97093 	 0.776927
4900 	 0.918605 	 0.769819
5000 	 0.930233 	 0.786222
5100 	 0.947674 	 0.779114
5200 	 0.912791 	 0.768179
5300 	 0.953488 	 0.79661
5400 	 0.959302 	 0.782395
5500 	 0.976744 	 0.788409
5600 	 0.947674 	 0.781848
5700 	 0.959302 	 0.792783
5800 	 0.976744 	 0.785128
5900 	 0.94186 	 0.787315
6000 	 0.959302 	 0.790596
6100 	 0.988372 	 0.805358
